4294967279,80
4294967279,79
4294967279,78
4294967279,77
4294967279,76
4294967279,75
4294967279,74
4294967279,73
4294967279,72
4294967279,71
4294967279,70
4294967279,103
4294967279,102
4294967279,101
4294967279,100
4294967279,99
4294967279,98
4294967279,97
4294967279,96
4294967279,95
4294967279,94
4294967279,93
4294967279,92
4294967279,91
4294967279,90
4294967279,89
4294967279,87
4294967279,86
4294967279,85
4294967279,84
4294967279,83
4294967279,82
4294967279,81
4294967279,349
4294967278,529
4294967278,24
4294967278,23
4294967278,22
4294967278,21
4294967278,20
4294967278,19
4294967278,17
4294967278,16
4294967278,14
4294967278,13
4294967278,12
4294967278,11
4294967278,10
4294967278,9
4294967278,8
4294967278,7
4294967278,6
4294967278,5
4294967278,4
4294967279,132
4294967279,131
4294967279,130
4294967279,129
4294967279,128
4294967279,127
4294967279,126
4294967279,125
4294967279,124
4294967279,123
4294967279,122
4294967279,121
4294967279,120
4294967279,119
4294967279,118
4294967279,117
4294967279,116
4294967279,115
4294967279,114
4294967279,113
4294967279,112
4294967279,111
4294967279,110
4294967279,109
4294967279,108
4294967279,107
4294967279,106
4294967279,105
4294967279,104
4294967279,145
4294967278,144
4294967279,144
4294967278,143
4294967279,143
4294967278,142
4294967279,142
4294967278,141
4294967279,141
4294967278,140
4294967279,140
4294967278,139
4294967279,139
4294967278,138
4294967279,279
4294967278,276
4294967279,137
4294967278,136
4294967279,136
4294967278,135
4294967279,135
4294967278,134
4294967279,133
4294967278,133
4294967279,291
4294967278,288
4294967279,275
4294967278,271
4294967278,18
4294967278,282
4294967279,273
4294967278,269
4294967294,126
4294967279,288
4294967279,271
4294967278,15
4294967278,267
4294967279,348
4294967278,131
4294967278,127
4294967278,124
4294967278,123
4294967278,122
4294967278,120
4294967278,117
4294967278,115
4294967278,114
4294967278,113
4294967278,111
4294967278,110
4294967278,109
4294967278,108
4294967278,106
4294967278,105
4294967278,104
4294967278,103
4294967278,101
4294967278,100
4294967278,99
4294967278,98
4294967278,90
4294967278,89
4294967278,86
4294967278,84
4294967278,83
4294967278,80
4294967278,79
4294967278,78
4294967278,77
4294967278,75
4294967278,74
4294967278,73
4294967278,72
4294967278,70
4294967278,69
4294967278,68
4294967278,67
4294967278,66
4294967278,65
4294967278,64
4294967278,63
4294967278,62
4294967278,61
4294967278,60
4294967278,59
4294967278,58
4294967278,57
4294967278,56
4294967278,55
4294967278,54
4294967278,53
4294967278,52
4294967278,51
4294967278,50
4294967278,49
4294967278,48
4294967278,47
4294967278,295
4294967278,46
4294967278,45
4294967278,44
4294967278,294
4294967278,43
4294967278,293
4294967278,42
4294967278,41
4294967278,40
4294967278,39
4294967278,38
4294967278,37
4294967278,36
4294967278,35
4294967278,34
4294967278,33
4294967278,32
4294967278,31
4294967278,30
4294967278,29
4294967278,28
4294967278,27
4294967278,26
4294967278,25
4294967279,33
4294967279,32
4294967279,31
4294967279,30
4294967279,29
4294967279,28
4294967279,27
4294967279,26
4294967279,25
4294967279,24
4294967279,23
4294967279,22
4294967279,21
4294967279,20
4294967279,19
4294967279,18
4294967279,17
4294967279,16
4294967279,15
4294967279,14
4294967279,13
4294967279,12
4294967279,11
4294967279,10
4294967279,9
4294967279,8
4294967279,6
4294967279,5
4294967279,269
4294967279,286
4294967278,528
4294967279,267
4294967279,266
4294967279,265
22,4
22,3
22,2
22,1
4294967279,264
4294967294,205
4294967294,199
4294967279,263
4294967294,387
4294967294,115
4294967279,262
4294967279,347
4294967279,346
4294967279,7
4294967279,284
21,6
4294967279,345
4294967278,527
4294967278,526
4294967279,4
4294967279,281
4294967279,344
4294967278,525
4294967278,132
21,5
4294967279,343
4294967278,524
4294967278,130
4294967279,342
21,4
4294967278,523
4294967278,129
21,3
21,2
21,1
4294967294,1357
4294967278,522
4294967279,341
4294967278,521
4294967278,128
4294967279,340
4294967278,520
4294967279,339
4294967279,338
4294967278,126
4294967278,255
4294967278,519
4294967278,125
20,5
4294967278,254
4294967278,253
20,4
20,3
20,2
20,1
4294967278,252
4294967278,121
4294967278,251
4294967279,337
4294967278,248
4294967278,119
